Size	 Time	 Avg.	 Max.	 Min.	 
1	7.580000e-04	0.000000e+00	0	0	

6	1.114000e-03	1.500000e+01	15	15	

11	7.200000e-05	5.500000e+01	55	55	

16	9.900000e-05	1.200000e+02	120	120	

21	1.690000e-04	2.100000e+02	210	210	

26	2.580000e-04	3.250000e+02	325	325	

31	3.990000e-04	4.650000e+02	465	465	

36	4.880000e-04	6.300000e+02	630	630	

41	6.490000e-04	8.200000e+02	820	820	

46	3.331000e-03	1.035000e+03	1035	1035	

51	9.930000e-04	1.275000e+03	1275	1275	

56	1.180000e-03	1.540000e+03	1540	1540	

61	1.406000e-03	1.830000e+03	1830	1830	

66	1.648000e-03	2.145000e+03	2145	2145	

71	2.546000e-03	2.485000e+03	2485	2485	

76	2.825000e-03	2.850000e+03	2850	2850	

81	2.697000e-03	3.240000e+03	3240	3240	

86	3.157000e-03	3.655000e+03	3655	3655	

91	3.468000e-03	4.095000e+03	4095	4095	

96	4.059000e-03	4.560000e+03	4560	4560	
