Size	 Time	 Avg.	 Max.	 Min.	 
1	4.600000e-05	0.000000e+00	0	0	

6	6.400000e-05	1.500000e+01	15	15	

11	1.040000e-04	5.500000e+01	55	55	

16	1.570000e-04	1.200000e+02	120	120	

21	2.870000e-04	2.100000e+02	210	210	

26	3.360000e-04	3.250000e+02	325	325	

31	4.200000e-04	4.650000e+02	465	465	

36	5.420000e-04	6.300000e+02	630	630	

41	6.670000e-04	8.200000e+02	820	820	

46	8.110000e-04	1.035000e+03	1035	1035	

51	9.700000e-04	1.275000e+03	1275	1275	

56	3.840000e-04	1.540000e+03	1540	1540	

61	4.120000e-04	1.830000e+03	1830	1830	

66	4.860000e-04	2.145000e+03	2145	2145	

71	7.250000e-04	2.485000e+03	2485	2485	

76	6.710000e-04	2.850000e+03	2850	2850	

81	8.290000e-04	3.240000e+03	3240	3240	

86	7.650000e-04	3.655000e+03	3655	3655	

91	8.190000e-04	4.095000e+03	4095	4095	

96	8.940000e-04	4.560000e+03	4560	4560	

101	1.004000e-03	5.050000e+03	5050	5050	

106	1.076000e-03	5.565000e+03	5565	5565	

111	1.147000e-03	6.105000e+03	6105	6105	

116	1.257000e-03	6.670000e+03	6670	6670	

121	1.351000e-03	7.260000e+03	7260	7260	

126	1.447000e-03	7.875000e+03	7875	7875	

131	1.561000e-03	8.515000e+03	8515	8515	

136	1.696000e-03	9.180000e+03	9180	9180	

141	1.897000e-03	9.870000e+03	9870	9870	

146	2.000000e-03	1.058500e+04	10585	10585	

151	2.376000e-03	1.132500e+04	11325	11325	

156	2.091000e-03	1.209000e+04	12090	12090	

161	2.189000e-03	1.288000e+04	12880	12880	

166	2.318000e-03	1.369500e+04	13695	13695	

171	2.477000e-03	1.453500e+04	14535	14535	

176	2.779000e-03	1.540000e+04	15400	15400	

181	2.774000e-03	1.629000e+04	16290	16290	

186	2.906000e-03	1.720500e+04	17205	17205	

191	3.012000e-03	1.814500e+04	18145	18145	

196	3.171000e-03	1.911000e+04	19110	19110	

201	3.372000e-03	2.010000e+04	20100	20100	

206	3.474000e-03	2.111500e+04	21115	21115	

211	3.599000e-03	2.215500e+04	22155	22155	

216	3.636000e-03	2.322000e+04	23220	23220	

221	3.700000e-03	2.431000e+04	24310	24310	

226	3.807000e-03	2.542500e+04	25425	25425	

231	4.285000e-03	2.656500e+04	26565	26565	

236	4.280000e-03	2.773000e+04	27730	27730	

241	4.412000e-03	2.892000e+04	28920	28920	

246	4.635000e-03	3.013500e+04	30135	30135	

251	4.749000e-03	3.137500e+04	31375	31375	

256	4.831000e-03	3.264000e+04	32640	32640	

261	4.957000e-03	3.393000e+04	33930	33930	

266	5.039000e-03	3.524500e+04	35245	35245	

271	5.068000e-03	3.658500e+04	36585	36585	

276	5.137000e-03	3.795000e+04	37950	37950	

281	5.164000e-03	3.934000e+04	39340	39340	

286	5.619000e-03	4.075500e+04	40755	40755	

291	5.464000e-03	4.219500e+04	42195	42195	

296	5.350000e-03	4.366000e+04	43660	43660	

301	5.498000e-03	4.515000e+04	45150	45150	

306	5.638000e-03	4.666500e+04	46665	46665	

311	5.917000e-03	4.820500e+04	48205	48205	

316	5.994000e-03	4.977000e+04	49770	49770	

321	6.291000e-03	5.136000e+04	51360	51360	

326	6.671000e-03	5.297500e+04	52975	52975	

331	6.630000e-03	5.461500e+04	54615	54615	

336	6.780000e-03	5.628000e+04	56280	56280	

341	6.915000e-03	5.797000e+04	57970	57970	

346	7.146000e-03	5.968500e+04	59685	59685	

351	7.383000e-03	6.142500e+04	61425	61425	

356	7.983000e-03	6.319000e+04	63190	63190	

361	8.401000e-03	6.498000e+04	64980	64980	

366	8.236000e-03	6.679500e+04	66795	66795	

371	8.186000e-03	6.863500e+04	68635	68635	

376	8.517000e-03	7.050000e+04	70500	70500	

381	8.648000e-03	7.239000e+04	72390	72390	

386	8.934000e-03	7.430500e+04	74305	74305	

391	9.200000e-03	7.624500e+04	76245	76245	

396	9.369000e-03	7.821000e+04	78210	78210	

401	9.556000e-03	8.020000e+04	80200	80200	

406	9.801000e-03	8.221500e+04	82215	82215	

411	1.060500e-02	8.425500e+04	84255	84255	

416	1.034300e-02	8.632000e+04	86320	86320	

421	1.060800e-02	8.841000e+04	88410	88410	

426	1.077000e-02	9.052500e+04	90525	90525	

431	1.095300e-02	9.266500e+04	92665	92665	

436	1.124300e-02	9.483000e+04	94830	94830	

441	1.148500e-02	9.702000e+04	97020	97020	

446	1.174500e-02	9.923500e+04	99235	99235	

451	1.214900e-02	1.014750e+05	101475	101475	

456	1.232700e-02	1.037400e+05	103740	103740	

461	1.322100e-02	1.060300e+05	106030	106030	

466	1.307400e-02	1.083450e+05	108345	108345	

471	1.325600e-02	1.106850e+05	110685	110685	

476	1.358200e-02	1.130500e+05	113050	113050	

481	1.430100e-02	1.154400e+05	115440	115440	

486	1.415900e-02	1.178550e+05	117855	117855	

491	1.447600e-02	1.202950e+05	120295	120295	

496	1.466300e-02	1.227600e+05	122760	122760	

501	1.499900e-02	1.252500e+05	125250	125250	

506	1.510100e-02	1.277650e+05	127765	127765	

511	1.538600e-02	1.303050e+05	130305	130305	

516	1.566900e-02	1.328700e+05	132870	132870	

521	1.606900e-02	1.354600e+05	135460	135460	

526	1.692100e-02	1.380750e+05	138075	138075	

531	1.715500e-02	1.407150e+05	140715	140715	

536	1.726300e-02	1.433800e+05	143380	143380	

541	1.729600e-02	1.460700e+05	146070	146070	

546	1.751100e-02	1.487850e+05	148785	148785	

551	1.791600e-02	1.515250e+05	151525	151525	

556	1.826000e-02	1.542900e+05	154290	154290	

561	1.851000e-02	1.570800e+05	157080	157080	

566	1.901800e-02	1.598950e+05	159895	159895	

571	1.933500e-02	1.627350e+05	162735	162735	

576	1.957600e-02	1.656000e+05	165600	165600	

581	2.050800e-02	1.684900e+05	168490	168490	

586	2.060700e-02	1.714050e+05	171405	171405	

591	2.085700e-02	1.743450e+05	174345	174345	

596	2.098100e-02	1.773100e+05	177310	177310	

601	2.127700e-02	1.803000e+05	180300	180300	

606	2.166100e-02	1.833150e+05	183315	183315	

611	2.196000e-02	1.863550e+05	186355	186355	

616	2.254100e-02	1.894200e+05	189420	189420	

621	2.283300e-02	1.925100e+05	192510	192510	

626	2.359300e-02	1.956250e+05	195625	195625	

631	2.394100e-02	1.987650e+05	198765	198765	

636	2.474000e-02	2.019300e+05	201930	201930	

641	2.496700e-02	2.051200e+05	205120	205120	

646	2.469800e-02	2.083350e+05	208335	208335	

651	2.505500e-02	2.115750e+05	211575	211575	

656	2.535400e-02	2.148400e+05	214840	214840	

661	2.582200e-02	2.181300e+05	218130	218130	

666	2.678600e-02	2.214450e+05	221445	221445	

671	2.714800e-02	2.247850e+05	224785	224785	

676	2.698700e-02	2.281500e+05	228150	228150	

681	2.797000e-02	2.315400e+05	231540	231540	

686	2.780000e-02	2.349550e+05	234955	234955	

691	2.814400e-02	2.383950e+05	238395	238395	

696	2.851900e-02	2.418600e+05	241860	241860	

701	2.936800e-02	2.453500e+05	245350	245350	

706	2.986000e-02	2.488650e+05	248865	248865	

711	2.997700e-02	2.524050e+05	252405	252405	

716	3.041600e-02	2.559700e+05	255970	255970	

721	3.065900e-02	2.595600e+05	259560	259560	

726	3.106800e-02	2.631750e+05	263175	263175	

731	3.155600e-02	2.668150e+05	266815	266815	

736	3.263200e-02	2.704800e+05	270480	270480	

741	3.347200e-02	2.741700e+05	274170	274170	

746	3.333600e-02	2.778850e+05	277885	277885	

751	3.329900e-02	2.816250e+05	281625	281625	

756	3.383700e-02	2.853900e+05	285390	285390	

761	3.425900e-02	2.891800e+05	289180	289180	

766	3.537700e-02	2.929950e+05	292995	292995	

771	3.519800e-02	2.968350e+05	296835	296835	

776	3.554800e-02	3.007000e+05	300700	300700	

781	3.600500e-02	3.045900e+05	304590	304590	

786	3.679000e-02	3.085050e+05	308505	308505	

791	3.791000e-02	3.124450e+05	312445	312445	

796	3.911500e-02	3.164100e+05	316410	316410	

801	3.802800e-02	3.204000e+05	320400	320400	

806	3.879300e-02	3.244150e+05	324415	324415	

811	3.888600e-02	3.284550e+05	328455	328455	

816	4.009500e-02	3.325200e+05	332520	332520	

821	4.082600e-02	3.366100e+05	336610	336610	

826	4.120600e-02	3.407250e+05	340725	340725	

831	4.103000e-02	3.448650e+05	344865	344865	

836	4.141500e-02	3.490300e+05	349030	349030	

841	4.263500e-02	3.532200e+05	353220	353220	

846	4.278400e-02	3.574350e+05	357435	357435	

851	4.307800e-02	3.616750e+05	361675	361675	

856	4.348700e-02	3.659400e+05	365940	365940	

861	4.384300e-02	3.702300e+05	370230	370230	

866	4.551700e-02	3.745450e+05	374545	374545	

871	4.515000e-02	3.788850e+05	378885	378885	

876	4.566700e-02	3.832500e+05	383250	383250	

881	4.680100e-02	3.876400e+05	387640	387640	

886	4.765800e-02	3.920550e+05	392055	392055	

891	4.816900e-02	3.964950e+05	396495	396495	

896	4.772900e-02	4.009600e+05	400960	400960	

901	4.830600e-02	4.054500e+05	405450	405450	

906	4.955100e-02	4.099650e+05	409965	409965	

911	5.022900e-02	4.145050e+05	414505	414505	

916	5.076600e-02	4.190700e+05	419070	419070	

921	5.113200e-02	4.236600e+05	423660	423660	

926	5.255600e-02	4.282750e+05	428275	428275	

931	5.238500e-02	4.329150e+05	432915	432915	

936	5.288300e-02	4.375800e+05	437580	437580	

941	5.329400e-02	4.422700e+05	442270	442270	

946	5.500000e-02	4.469850e+05	446985	446985	

951	5.550300e-02	4.517250e+05	451725	451725	

956	5.538600e-02	4.564900e+05	456490	456490	

961	5.595000e-02	4.612800e+05	461280	461280	

966	5.682600e-02	4.660950e+05	466095	466095	

971	5.705100e-02	4.709350e+05	470935	470935	

976	5.742800e-02	4.758000e+05	475800	475800	

981	5.895200e-02	4.806900e+05	480690	480690	

986	5.927200e-02	4.856050e+05	485605	485605	

991	5.913800e-02	4.905450e+05	490545	490545	

996	6.038100e-02	4.955100e+05	495510	495510	
